   1.0000000e+04   2.4816000e-02   2.6760000e-02
   7.9433000e+03   2.3861000e-02   2.1520000e-02
   6.3096000e+03   2.2900000e-02   1.7126000e-02
   5.0119000e+03   2.2292000e-02   1.3426000e-02
   3.9811000e+03   2.1954000e-02   1.0326000e-02
   3.1623000e+03   2.1832000e-02   7.6960000e-03
   2.5119000e+03   2.1858000e-02   5.5089000e-03
   1.9953000e+03   2.2009000e-02   3.6953000e-03
   1.5849000e+03   2.2269000e-02   2.1842000e-03
   1.2589000e+03   2.2608000e-02   9.0639000e-04
   1.0000000e+03   2.2982000e-02  -1.7299000e-04
   7.9433000e+02   2.3482000e-02  -1.0950000e-03
   6.3096000e+02   2.4014000e-02  -1.8891000e-03
   5.0119000e+02   2.4615000e-02  -2.5780000e-03
   3.9811000e+02   2.5224000e-02  -3.1560000e-03
   3.1623000e+02   2.5949000e-02  -3.6731000e-03
   2.5119000e+02   2.6699000e-02  -4.1107000e-03
   1.9953000e+02   2.7446000e-02  -4.4674000e-03
   1.5849000e+02   2.8255000e-02  -4.7651000e-03
   1.2589000e+02   2.9132000e-02  -5.0267000e-03
   1.0000000e+02   3.0015000e-02  -5.2210000e-03
   7.9433000e+01   3.0912000e-02  -5.3827000e-03
   6.3096000e+01   3.1788000e-02  -5.4885000e-03
   5.0119000e+01   3.2728000e-02  -5.5537000e-03
   3.9811000e+01   3.3595000e-02  -5.5459000e-03
   3.1623000e+01   3.4556000e-02  -5.6522000e-03
   2.5119000e+01   3.5497000e-02  -5.4755000e-03
   1.9953000e+01   3.6420000e-02  -5.3683000e-03
   1.5849000e+01   3.7178000e-02  -5.2345000e-03
   1.2589000e+01   3.8123000e-02  -4.8387000e-03
   1.0000000e+01   3.8891000e-02  -4.4946000e-03
   7.9433000e+00   3.9547000e-02  -4.1714000e-03
   6.3096000e+00   4.0098000e-02  -3.7363000e-03
   5.0119000e+00   4.0658000e-02  -3.4444000e-03
   3.9811000e+00   4.0925000e-02  -3.2416000e-03
   3.1623000e+00   4.1388000e-02  -2.9478000e-03
   2.5119000e+00   4.1635000e-02  -2.6969000e-03
   1.9953000e+00   4.1978000e-02  -2.4816000e-03
   1.5849000e+00   4.2479000e-02  -2.2394000e-03
   1.2589000e+00   4.2500000e-02  -2.1142000e-03
   1.0000000e+00   4.2924000e-02  -2.3219000e-03
   7.9433000e-01   4.3231000e-02  -2.1975000e-03
   6.3096000e-01   4.3287000e-02  -2.2896000e-03
   5.0119000e-01   4.3508000e-02  -2.6321000e-03
   3.9811000e-01   4.3917000e-02  -2.9143000e-03
   3.1623000e-01   4.4408000e-02  -3.0706000e-03
   2.5119000e-01   4.4890000e-02  -3.1574000e-03
   1.9953000e-01   4.5288000e-02  -3.2745000e-03
   1.5849000e-01   4.5738000e-02  -3.4044000e-03
   1.2589000e-01   4.6114000e-02  -3.5568000e-03
   1.0000000e-01   4.6458000e-02  -3.8428000e-03
   7.9433000e-02   4.6849000e-02  -4.2065000e-03
   6.3096000e-02   4.7211000e-02  -4.7118000e-03
   5.0119000e-02   4.7652000e-02  -5.3174000e-03
   3.9811000e-02   4.8174000e-02  -6.0387000e-03
   3.1623000e-02   4.8769000e-02  -6.9064000e-03
   2.5119000e-02   4.9511000e-02  -7.9165000e-03
   1.9953000e-02   5.0377000e-02  -9.1096000e-03
   1.5849000e-02   5.1443000e-02  -1.0450000e-02
   1.2589000e-02   5.2761000e-02  -1.1944000e-02
   1.0000000e-02   5.4335000e-02  -1.3599000e-02
