   1.0000000e+04   2.4304000e-02   2.7313000e-02
   7.9433000e+03   2.3557000e-02   2.1935000e-02
   6.3096000e+03   2.2710000e-02   1.7450000e-02
   5.0119000e+03   2.2179000e-02   1.3705000e-02
   3.9811000e+03   2.1838000e-02   1.0541000e-02
   3.1623000e+03   2.1729000e-02   7.8954000e-03
   2.5119000e+03   2.1767000e-02   5.7014000e-03
   1.9953000e+03   2.1912000e-02   3.8804000e-03
   1.5849000e+03   2.2173000e-02   2.3648000e-03
   1.2589000e+03   2.2485000e-02   1.0940000e-03
   1.0000000e+03   2.2876000e-02   1.3361000e-05
   7.9433000e+02   2.3323000e-02  -8.9239000e-04
   6.3096000e+02   2.3841000e-02  -1.6796000e-03
   5.0119000e+02   2.4399000e-02  -2.3521000e-03
   3.9811000e+02   2.5026000e-02  -2.9280000e-03
   3.1623000e+02   2.5703000e-02  -3.4246000e-03
   2.5119000e+02   2.6406000e-02  -3.8399000e-03
   1.9953000e+02   2.7179000e-02  -4.2012000e-03
   1.5849000e+02   2.7953000e-02  -4.4899000e-03
   1.2589000e+02   2.8771000e-02  -4.7210000e-03
   1.0000000e+02   2.9609000e-02  -4.9002000e-03
   7.9433000e+01   3.0467000e-02  -5.0363000e-03
   6.3096000e+01   3.1335000e-02  -5.1062000e-03
   5.0119000e+01   3.2208000e-02  -5.1276000e-03
   3.9811000e+01   3.2979000e-02  -5.1970000e-03
   3.1623000e+01   3.3789000e-02  -5.0023000e-03
   2.5119000e+01   3.4760000e-02  -4.8703000e-03
   1.9953000e+01   3.5471000e-02  -4.7945000e-03
   1.5849000e+01   3.6201000e-02  -4.5354000e-03
   1.2589000e+01   3.7053000e-02  -4.2450000e-03
   1.0000000e+01   3.7640000e-02  -3.9280000e-03
   7.9433000e+00   3.8217000e-02  -3.7084000e-03
   6.3096000e+00   3.8649000e-02  -3.2745000e-03
   5.0119000e+00   3.9127000e-02  -3.0495000e-03
   3.9811000e+00   3.9336000e-02  -2.8740000e-03
   3.1623000e+00   3.9729000e-02  -2.7628000e-03
   2.5119000e+00   3.9960000e-02  -2.5117000e-03
   1.9953000e+00   4.0303000e-02  -2.3491000e-03
   1.5849000e+00   4.0810000e-02  -2.1672000e-03
   1.2589000e+00   4.0814000e-02  -2.0533000e-03
   1.0000000e+00   4.1271000e-02  -2.3488000e-03
   7.9433000e-01   4.1681000e-02  -2.2710000e-03
   6.3096000e-01   4.1746000e-02  -2.3574000e-03
   5.0119000e-01   4.1907000e-02  -2.7695000e-03
   3.9811000e-01   4.2304000e-02  -3.0694000e-03
   3.1623000e-01   4.2787000e-02  -3.2057000e-03
   2.5119000e-01   4.3251000e-02  -3.2669000e-03
   1.9953000e-01   4.3639000e-02  -3.3759000e-03
   1.5849000e-01   4.4054000e-02  -3.4846000e-03
   1.2589000e-01   4.4451000e-02  -3.6428000e-03
   1.0000000e-01   4.4807000e-02  -3.9245000e-03
   7.9433000e-02   4.5199000e-02  -4.2903000e-03
   6.3096000e-02   4.5570000e-02  -4.8060000e-03
   5.0119000e-02   4.6037000e-02  -5.3753000e-03
   3.9811000e-02   4.6539000e-02  -6.0900000e-03
   3.1623000e-02   4.7110000e-02  -6.9470000e-03
   2.5119000e-02   4.7784000e-02  -7.9358000e-03
   1.9953000e-02   4.8588000e-02  -9.1150000e-03
   1.5849000e-02   4.9524000e-02  -1.0445000e-02
   1.2589000e-02   5.0687000e-02  -1.1955000e-02
   1.0000000e-02   5.2027000e-02  -1.3581000e-02
