   1.0000000e+04   2.4761000e-02   2.5977000e-02
   7.9433000e+03   2.4065000e-02   2.0775000e-02
   6.3096000e+03   2.3284000e-02   1.6444000e-02
   5.0119000e+03   2.2794000e-02   1.2796000e-02
   3.9811000e+03   2.2508000e-02   9.6981000e-03
   3.1623000e+03   2.2478000e-02   7.0911000e-03
   2.5119000e+03   2.2524000e-02   4.8782000e-03
   1.9953000e+03   2.2773000e-02   3.0320000e-03
   1.5849000e+03   2.3068000e-02   1.4549000e-03
   1.2589000e+03   2.3446000e-02   1.1031000e-04
   1.0000000e+03   2.3938000e-02  -1.0629000e-03
   7.9433000e+02   2.4525000e-02  -2.0904000e-03
   6.3096000e+02   2.5176000e-02  -3.0157000e-03
   5.0119000e+02   2.5879000e-02  -3.8539000e-03
   3.9811000e+02   2.6675000e-02  -4.6243000e-03
   3.1623000e+02   2.7564000e-02  -5.3491000e-03
   2.5119000e+02   2.8532000e-02  -6.0177000e-03
   1.9953000e+02   2.9528000e-02  -6.6330000e-03
   1.5849000e+02   3.0637000e-02  -7.2237000e-03
   1.2589000e+02   3.1837000e-02  -7.8014000e-03
   1.0000000e+02   3.3064000e-02  -8.3342000e-03
   7.9433000e+01   3.4423000e-02  -8.8802000e-03
   6.3096000e+01   3.5876000e-02  -9.3859000e-03
   5.0119000e+01   3.7434000e-02  -9.8847000e-03
   3.9811000e+01   3.9026000e-02  -1.0332000e-02
   3.1623000e+01   4.0422000e-02  -1.0726000e-02
   2.5119000e+01   4.2486000e-02  -1.0903000e-02
   1.9953000e+01   4.4113000e-02  -1.1246000e-02
   1.5849000e+01   4.5965000e-02  -1.1367000e-02
   1.2589000e+01   4.8001000e-02  -1.1107000e-02
   1.0000000e+01   4.9836000e-02  -1.0990000e-02
   7.9433000e+00   5.1722000e-02  -1.0726000e-02
   6.3096000e+00   5.3452000e-02  -1.0344000e-02
   5.0119000e+00   5.5167000e-02  -9.6345000e-03
   3.9811000e+00   5.6322000e-02  -9.1432000e-03
   3.1623000e+00   5.7811000e-02  -8.7439000e-03
   2.5119000e+00   5.8880000e-02  -7.9262000e-03
   1.9953000e+00   6.0048000e-02  -7.3126000e-03
   1.5849000e+00   6.1300000e-02  -6.3742000e-03
   1.2589000e+00   6.1666000e-02  -5.9607000e-03
   1.0000000e+00   6.2945000e-02  -6.2070000e-03
   7.9433000e-01   6.3768000e-02  -5.6967000e-03
   6.3096000e-01   6.4043000e-02  -5.5561000e-03
   5.0119000e-01   6.4404000e-02  -5.8320000e-03
   3.9811000e-01   6.4972000e-02  -5.8490000e-03
   3.1623000e-01   6.5667000e-02  -5.6921000e-03
   2.5119000e-01   6.6352000e-02  -5.5050000e-03
   1.9953000e-01   6.6972000e-02  -5.4461000e-03
   1.5849000e-01   6.7573000e-02  -5.4504000e-03
   1.2589000e-01   6.8182000e-02  -5.5514000e-03
   1.0000000e-01   6.8771000e-02  -5.7874000e-03
   7.9433000e-02   6.9326000e-02  -6.1847000e-03
   6.3096000e-02   6.9908000e-02  -6.7579000e-03
   5.0119000e-02   7.0557000e-02  -7.4008000e-03
   3.9811000e-02   7.1236000e-02  -8.2292000e-03
   3.1623000e-02   7.1961000e-02  -9.2103000e-03
   2.5119000e-02   7.2778000e-02  -1.0359000e-02
   1.9953000e-02   7.3676000e-02  -1.1708000e-02
   1.5849000e-02   7.4719000e-02  -1.3226000e-02
   1.2589000e-02   7.5933000e-02  -1.4965000e-02
   1.0000000e-02   7.7382000e-02  -1.6892000e-02
