   1.0000000e+04   2.5116000e-02   2.2310000e-02
   7.9433000e+03   2.4415000e-02   1.7850000e-02
   6.3096000e+03   2.3633000e-02   1.4096000e-02
   5.0119000e+03   2.3151000e-02   1.0907000e-02
   3.9811000e+03   2.2877000e-02   8.1770000e-03
   3.1623000e+03   2.2836000e-02   5.8486000e-03
   2.5119000e+03   2.2934000e-02   3.8922000e-03
   1.9953000e+03   2.3169000e-02   2.2303000e-03
   1.5849000e+03   2.3499000e-02   8.1331000e-04
   1.2589000e+03   2.3930000e-02  -4.1163000e-04
   1.0000000e+03   2.4440000e-02  -1.4910000e-03
   7.9433000e+02   2.5003000e-02  -2.4304000e-03
   6.3096000e+02   2.5659000e-02  -3.2870000e-03
   5.0119000e+02   2.6361000e-02  -4.0647000e-03
   3.9811000e+02   2.7168000e-02  -4.7862000e-03
   3.1623000e+02   2.8046000e-02  -5.4639000e-03
   2.5119000e+02   2.8971000e-02  -6.0920000e-03
   1.9953000e+02   2.9990000e-02  -6.6877000e-03
   1.5849000e+02   3.1060000e-02  -7.2564000e-03
   1.2589000e+02   3.2202000e-02  -7.8188000e-03
   1.0000000e+02   3.3439000e-02  -8.3721000e-03
   7.9433000e+01   3.4744000e-02  -8.9112000e-03
   6.3096000e+01   3.6153000e-02  -9.4386000e-03
   5.0119000e+01   3.7696000e-02  -9.9423000e-03
   3.9811000e+01   3.9148000e-02  -1.0614000e-02
   3.1623000e+01   4.0761000e-02  -1.0984000e-02
   2.5119000e+01   4.2833000e-02  -1.1158000e-02
   1.9953000e+01   4.4682000e-02  -1.1547000e-02
   1.5849000e+01   4.6472000e-02  -1.1722000e-02
   1.2589000e+01   4.8585000e-02  -1.1518000e-02
   1.0000000e+01   5.0568000e-02  -1.1348000e-02
   7.9433000e+00   5.2544000e-02  -1.1030000e-02
   6.3096000e+00   5.4388000e-02  -1.0518000e-02
   5.0119000e+00   5.6203000e-02  -9.9584000e-03
   3.9811000e+00   5.7636000e-02  -9.2942000e-03
   3.1623000e+00   5.9098000e-02  -8.4744000e-03
   2.5119000e+00   6.0246000e-02  -7.6177000e-03
   1.9953000e+00   6.1295000e-02  -6.7644000e-03
   1.5849000e+00   6.2342000e-02  -5.9381000e-03
   1.2589000e+00   6.2798000e-02  -5.2617000e-03
   1.0000000e+00   6.3526000e-02  -4.8555000e-03
   7.9433000e-01   6.4055000e-02  -4.2678000e-03
   6.3096000e-01   6.4353000e-02  -3.9257000e-03
   5.0119000e-01   6.4716000e-02  -3.8511000e-03
   3.9811000e-01   6.5192000e-02  -3.7834000e-03
   3.1623000e-01   6.5717000e-02  -3.6666000e-03
   2.5119000e-01   6.6147000e-02  -3.5150000e-03
   1.9953000e-01   6.6523000e-02  -3.3964000e-03
   1.5849000e-01   6.6861000e-02  -3.3420000e-03
   1.2589000e-01   6.7166000e-02  -3.3703000e-03
   1.0000000e-01   6.7448000e-02  -3.4954000e-03
   7.9433000e-02   6.7737000e-02  -3.7180000e-03
   6.3096000e-02   6.8013000e-02  -4.0465000e-03
   5.0119000e-02   6.8345000e-02  -4.4923000e-03
   3.9811000e-02   6.8702000e-02  -5.0646000e-03
   3.1623000e-02   6.9116000e-02  -5.7829000e-03
   2.5119000e-02   6.9669000e-02  -6.6672000e-03
   1.9953000e-02   7.0316000e-02  -7.7338000e-03
   1.5849000e-02   7.1140000e-02  -8.9937000e-03
   1.2589000e-02   7.2190000e-02  -1.0460000e-02
   1.0000000e-02   7.3537000e-02  -1.2130000e-02
