   1.0000000e+04   2.4428000e-02   2.4440000e-02
   7.9433000e+03   2.3625000e-02   1.9804000e-02
   6.3096000e+03   2.2756000e-02   1.5935000e-02
   5.0119000e+03   2.2170000e-02   1.2714000e-02
   3.9811000e+03   2.1798000e-02   1.0037000e-02
   3.1623000e+03   2.1608000e-02   7.8190000e-03
   2.5119000e+03   2.1523000e-02   6.0106000e-03
   1.9953000e+03   2.1527000e-02   4.5586000e-03
   1.5849000e+03   2.1590000e-02   3.3800000e-03
   1.2589000e+03   2.1695000e-02   2.4364000e-03
   1.0000000e+03   2.1837000e-02   1.6837000e-03
   7.9433000e+02   2.1991000e-02   1.0867000e-03
   6.3096000e+02   2.2164000e-02   6.1297000e-04
   5.0119000e+02   2.2356000e-02   2.4281000e-04
   3.9811000e+02   2.2544000e-02  -4.3099000e-05
   3.1623000e+02   2.2754000e-02  -2.4738000e-04
   2.5119000e+02   2.2929000e-02  -3.8903000e-04
   1.9953000e+02   2.3132000e-02  -4.8107000e-04
   1.5849000e+02   2.3300000e-02  -5.2049000e-04
   1.2589000e+02   2.3452000e-02  -5.3241000e-04
   1.0000000e+02   2.3570000e-02  -5.1622000e-04
   7.9433000e+01   2.3686000e-02  -4.9110000e-04
   6.3096000e+01   2.3778000e-02  -4.5168000e-04
   5.0119000e+01   2.3852000e-02  -4.0718000e-04
   3.9811000e+01   2.3901000e-02  -3.8796000e-04
   3.1623000e+01   2.3955000e-02  -3.6122000e-04
   2.5119000e+01   2.3996000e-02  -3.3164000e-04
   1.9953000e+01   2.4027000e-02  -2.9974000e-04
   1.5849000e+01   2.4054000e-02  -3.0184000e-04
   1.2589000e+01   2.4063000e-02  -2.9271000e-04
   1.0000000e+01   2.4106000e-02  -2.7002000e-04
   7.9433000e+00   2.4145000e-02  -2.7709000e-04
   6.3096000e+00   2.4162000e-02  -2.6171000e-04
   5.0119000e+00   2.4214000e-02  -2.7649000e-04
   3.9811000e+00   2.4171000e-02  -3.3635000e-04
   3.1623000e+00   2.4243000e-02  -3.2441000e-04
   2.5119000e+00   2.4262000e-02  -3.4509000e-04
   1.9953000e+00   2.4299000e-02  -3.3595000e-04
   1.5849000e+00   2.4453000e-02  -3.5864000e-04
   1.2589000e+00   2.4395000e-02  -3.7975000e-04
   1.0000000e+00   2.4518000e-02  -5.3203000e-04
   7.9433000e-01   2.4599000e-02  -5.3916000e-04
   6.3096000e-01   2.4592000e-02  -6.2627000e-04
   5.0119000e-01   2.4651000e-02  -8.5223000e-04
   3.9811000e-01   2.4822000e-02  -1.0641000e-03
   3.1623000e-01   2.5058000e-02  -1.2074000e-03
   2.5119000e-01   2.5272000e-02  -1.3106000e-03
   1.9953000e-01   2.5455000e-02  -1.4043000e-03
   1.5849000e-01   2.5642000e-02  -1.4940000e-03
   1.2589000e-01   2.5811000e-02  -1.6041000e-03
   1.0000000e-01   2.5950000e-02  -1.7603000e-03
   7.9433000e-02   2.6116000e-02  -1.9619000e-03
   6.3096000e-02   2.6268000e-02  -2.2343000e-03
   5.0119000e-02   2.6483000e-02  -2.5242000e-03
   3.9811000e-02   2.6726000e-02  -2.9057000e-03
   3.1623000e-02   2.7024000e-02  -3.3663000e-03
   2.5119000e-02   2.7393000e-02  -3.9143000e-03
   1.9953000e-02   2.7884000e-02  -4.5206000e-03
   1.5849000e-02   2.8459000e-02  -5.1828000e-03
   1.2589000e-02   2.9153000e-02  -5.9676000e-03
   1.0000000e-02   2.9922000e-02  -6.7773000e-03
