   1.0000000e+04   2.4416000e-02   2.7398000e-02
   7.9433000e+03   2.3623000e-02   2.2181000e-02
   6.3096000e+03   2.2732000e-02   1.7850000e-02
   5.0119000e+03   2.2124000e-02   1.4260000e-02
   3.9811000e+03   2.1717000e-02   1.1288000e-02
   3.1623000e+03   2.1507000e-02   8.8400000e-03
   2.5119000e+03   2.1407000e-02   6.8450000e-03
   1.9953000e+03   2.1390000e-02   5.2356000e-03
   1.5849000e+03   2.1441000e-02   3.9385000e-03
   1.2589000e+03   2.1516000e-02   2.8920000e-03
   1.0000000e+03   2.1649000e-02   2.0555000e-03
   7.9433000e+02   2.1787000e-02   1.3937000e-03
   6.3096000e+02   2.1946000e-02   8.6101000e-04
   5.0119000e+02   2.2136000e-02   4.4433000e-04
   3.9811000e+02   2.2315000e-02   1.3033000e-04
   3.1623000e+02   2.2521000e-02  -1.0661000e-04
   2.5119000e+02   2.2698000e-02  -2.6742000e-04
   1.9953000e+02   2.2881000e-02  -3.7638000e-04
   1.5849000e+02   2.3050000e-02  -4.3309000e-04
   1.2589000e+02   2.3197000e-02  -4.5465000e-04
   1.0000000e+02   2.3310000e-02  -4.4867000e-04
   7.9433000e+01   2.3428000e-02  -4.3318000e-04
   6.3096000e+01   2.3498000e-02  -4.0780000e-04
   5.0119000e+01   2.3570000e-02  -3.7234000e-04
   3.9811000e+01   2.3612000e-02  -3.5981000e-04
   3.1623000e+01   2.3670000e-02  -3.3055000e-04
   2.5119000e+01   2.3704000e-02  -3.1096000e-04
   1.9953000e+01   2.3755000e-02  -2.8239000e-04
   1.5849000e+01   2.3770000e-02  -2.7873000e-04
   1.2589000e+01   2.3800000e-02  -2.7601000e-04
   1.0000000e+01   2.3811000e-02  -2.6546000e-04
   7.9433000e+00   2.3858000e-02  -2.6685000e-04
   6.3096000e+00   2.3884000e-02  -2.5610000e-04
   5.0119000e+00   2.3932000e-02  -2.7295000e-04
   3.9811000e+00   2.3908000e-02  -3.3082000e-04
   3.1623000e+00   2.3953000e-02  -3.2519000e-04
   2.5119000e+00   2.3981000e-02  -3.4719000e-04
   1.9953000e+00   2.4011000e-02  -3.3856000e-04
   1.5849000e+00   2.4175000e-02  -3.6175000e-04
   1.2589000e+00   2.4120000e-02  -3.8119000e-04
   1.0000000e+00   2.4236000e-02  -5.3065000e-04
   7.9433000e-01   2.4307000e-02  -5.4606000e-04
   6.3096000e-01   2.4304000e-02  -6.3221000e-04
   5.0119000e-01   2.4374000e-02  -8.6190000e-04
   3.9811000e-01   2.4552000e-02  -1.0669000e-03
   3.1623000e-01   2.4790000e-02  -1.2265000e-03
   2.5119000e-01   2.5008000e-02  -1.3151000e-03
   1.9953000e-01   2.5194000e-02  -1.4096000e-03
   1.5849000e-01   2.5381000e-02  -1.5006000e-03
   1.2589000e-01   2.5548000e-02  -1.6076000e-03
   1.0000000e-01   2.5688000e-02  -1.7670000e-03
   7.9433000e-02   2.5853000e-02  -1.9684000e-03
   6.3096000e-02   2.6018000e-02  -2.2398000e-03
   5.0119000e-02   2.6223000e-02  -2.5277000e-03
   3.9811000e-02   2.6470000e-02  -2.9105000e-03
   3.1623000e-02   2.6771000e-02  -3.3704000e-03
   2.5119000e-02   2.7126000e-02  -3.9102000e-03
   1.9953000e-02   2.7612000e-02  -4.5098000e-03
   1.5849000e-02   2.8195000e-02  -5.1772000e-03
   1.2589000e-02   2.8869000e-02  -5.9563000e-03
   1.0000000e-02   2.9645000e-02  -6.7750000e-03
