   1.0000000e+04   2.4994000e-02   2.7303000e-02
   7.9433000e+03   2.4271000e-02   2.1872000e-02
   6.3096000e+03   2.3441000e-02   1.7306000e-02
   5.0119000e+03   2.2930000e-02   1.3473000e-02
   3.9811000e+03   2.2617000e-02   1.0229000e-02
   3.1623000e+03   2.2578000e-02   7.4870000e-03
   2.5119000e+03   2.2624000e-02   5.1693000e-03
   1.9953000e+03   2.2847000e-02   3.2312000e-03
   1.5849000e+03   2.3168000e-02   1.5839000e-03
   1.2589000e+03   2.3578000e-02   1.6803000e-04
   1.0000000e+03   2.4080000e-02  -1.0599000e-03
   7.9433000e+02   2.4667000e-02  -2.1400000e-03
   6.3096000e+02   2.5339000e-02  -3.1193000e-03
   5.0119000e+02   2.6086000e-02  -4.0044000e-03
   3.9811000e+02   2.6926000e-02  -4.8251000e-03
   3.1623000e+02   2.7835000e-02  -5.5826000e-03
   2.5119000e+02   2.8817000e-02  -6.2794000e-03
   1.9953000e+02   2.9893000e-02  -6.9373000e-03
   1.5849000e+02   3.1062000e-02  -7.5571000e-03
   1.2589000e+02   3.2327000e-02  -8.1613000e-03
   1.0000000e+02   3.3679000e-02  -8.7284000e-03
   7.9433000e+01   3.5045000e-02  -9.2511000e-03
   6.3096000e+01   3.6567000e-02  -9.7821000e-03
   5.0119000e+01   3.8137000e-02  -1.0252000e-02
   3.9811000e+01   3.9763000e-02  -1.0597000e-02
   3.1623000e+01   4.1286000e-02  -1.1208000e-02
   2.5119000e+01   4.3322000e-02  -1.1353000e-02
   1.9953000e+01   4.5012000e-02  -1.1789000e-02
   1.5849000e+01   4.6735000e-02  -1.1843000e-02
   1.2589000e+01   4.9028000e-02  -1.1831000e-02
   1.0000000e+01   5.1024000e-02  -1.1824000e-02
   7.9433000e+00   5.3130000e-02  -1.1718000e-02
   6.3096000e+00   5.5008000e-02  -1.1152000e-02
   5.0119000e+00   5.6957000e-02  -1.0656000e-02
   3.9811000e+00   5.8386000e-02  -1.0129000e-02
   3.1623000e+00   6.0041000e-02  -9.4665000e-03
   2.5119000e+00   6.1322000e-02  -8.5727000e-03
   1.9953000e+00   6.2524000e-02  -7.7132000e-03
   1.5849000e+00   6.3851000e-02  -6.8592000e-03
   1.2589000e+00   6.4332000e-02  -6.2390000e-03
   1.0000000e+00   6.5364000e-02  -6.1035000e-03
   7.9433000e-01   6.6123000e-02  -5.4840000e-03
   6.3096000e-01   6.6426000e-02  -5.2663000e-03
   5.0119000e-01   6.6898000e-02  -5.4524000e-03
   3.9811000e-01   6.7611000e-02  -5.5679000e-03
   3.1623000e-01   6.8412000e-02  -5.4756000e-03
   2.5119000e-01   6.9145000e-02  -5.3411000e-03
   1.9953000e-01   6.9761000e-02  -5.2959000e-03
   1.5849000e-01   7.0371000e-02  -5.2698000e-03
   1.2589000e-01   7.0956000e-02  -5.3360000e-03
   1.0000000e-01   7.1467000e-02  -5.5857000e-03
   7.9433000e-02   7.2018000e-02  -5.9571000e-03
   6.3096000e-02   7.2531000e-02  -6.5302000e-03
   5.0119000e-02   7.3185000e-02  -7.1970000e-03
   3.9811000e-02   7.3871000e-02  -8.0512000e-03
   3.1623000e-02   7.4620000e-02  -9.0893000e-03
   2.5119000e-02   7.5514000e-02  -1.0318000e-02
   1.9953000e-02   7.6551000e-02  -1.1798000e-02
   1.5849000e-02   7.7774000e-02  -1.3498000e-02
   1.2589000e-02   7.9268000e-02  -1.5468000e-02
   1.0000000e-02   8.1078000e-02  -1.7694000e-02
