   1.0000000e+04   2.4152000e-02   2.8045000e-02
   7.9433000e+03   2.3347000e-02   2.2679000e-02
   6.3096000e+03   2.2456000e-02   1.8247000e-02
   5.0119000e+03   2.1871000e-02   1.4589000e-02
   3.9811000e+03   2.1472000e-02   1.1540000e-02
   3.1623000e+03   2.1256000e-02   9.0236000e-03
   2.5119000e+03   2.1147000e-02   6.9729000e-03
   1.9953000e+03   2.1142000e-02   5.3175000e-03
   1.5849000e+03   2.1193000e-02   3.9840000e-03
   1.2589000e+03   2.1291000e-02   2.9086000e-03
   1.0000000e+03   2.1426000e-02   2.0475000e-03
   7.9433000e+02   2.1580000e-02   1.3567000e-03
   6.3096000e+02   2.1759000e-02   8.0497000e-04
   5.0119000e+02   2.1944000e-02   3.6638000e-04
   3.9811000e+02   2.2157000e-02   2.2241000e-05
   3.1623000e+02   2.2361000e-02  -2.3489000e-04
   2.5119000e+02   2.2566000e-02  -4.2048000e-04
   1.9953000e+02   2.2788000e-02  -5.4688000e-04
   1.5849000e+02   2.2968000e-02  -6.2482000e-04
   1.2589000e+02   2.3154000e-02  -6.5691000e-04
   1.0000000e+02   2.3306000e-02  -6.5785000e-04
   7.9433000e+01   2.3459000e-02  -6.5797000e-04
   6.3096000e+01   2.3561000e-02  -6.2070000e-04
   5.0119000e+01   2.3677000e-02  -5.7370000e-04
   3.9811000e+01   2.3769000e-02  -5.5656000e-04
   3.1623000e+01   2.3830000e-02  -5.3021000e-04
   2.5119000e+01   2.3910000e-02  -5.1066000e-04
   1.9953000e+01   2.3963000e-02  -5.0856000e-04
   1.5849000e+01   2.4028000e-02  -4.9674000e-04
   1.2589000e+01   2.4085000e-02  -4.8716000e-04
   1.0000000e+01   2.4169000e-02  -4.6745000e-04
   7.9433000e+00   2.4216000e-02  -5.1224000e-04
   6.3096000e+00   2.4246000e-02  -4.5578000e-04
   5.0119000e+00   2.4354000e-02  -5.1532000e-04
   3.9811000e+00   2.4293000e-02  -5.9678000e-04
   3.1623000e+00   2.4422000e-02  -6.2971000e-04
   2.5119000e+00   2.4442000e-02  -6.3503000e-04
   1.9953000e+00   2.4554000e-02  -6.3820000e-04
   1.5849000e+00   2.4794000e-02  -6.3816000e-04
   1.2589000e+00   2.4723000e-02  -6.7121000e-04
   1.0000000e+00   2.4951000e-02  -9.2099000e-04
   7.9433000e-01   2.5101000e-02  -9.2676000e-04
   6.3096000e-01   2.5105000e-02  -1.0649000e-03
   5.0119000e-01   2.5216000e-02  -1.3909000e-03
   3.9811000e-01   2.5486000e-02  -1.6589000e-03
   3.1623000e-01   2.5825000e-02  -1.8196000e-03
   2.5119000e-01   2.6141000e-02  -1.9101000e-03
   1.9953000e-01   2.6411000e-02  -2.0080000e-03
   1.5849000e-01   2.6692000e-02  -2.0955000e-03
   1.2589000e-01   2.6942000e-02  -2.1896000e-03
   1.0000000e-01   2.7175000e-02  -2.3499000e-03
   7.9433000e-02   2.7408000e-02  -2.5585000e-03
   6.3096000e-02   2.7660000e-02  -2.8454000e-03
   5.0119000e-02   2.7967000e-02  -3.1576000e-03
   3.9811000e-02   2.8314000e-02  -3.5404000e-03
   3.1623000e-02   2.8732000e-02  -3.9932000e-03
   2.5119000e-02   2.9228000e-02  -4.4841000e-03
   1.9953000e-02   2.9816000e-02  -5.0363000e-03
   1.5849000e-02   3.0510000e-02  -5.6349000e-03
   1.2589000e-02   3.1342000e-02  -6.2195000e-03
   1.0000000e-02   3.2249000e-02  -6.7788000e-03
