   1.0000000e+04   2.4343000e-02   2.5200000e-02
   7.9433000e+03   2.3569000e-02   2.0237000e-02
   6.3096000e+03   2.2740000e-02   1.6093000e-02
   5.0119000e+03   2.2217000e-02   1.2624000e-02
   3.9811000e+03   2.1893000e-02   9.6815000e-03
   3.1623000e+03   2.1795000e-02   7.2056000e-03
   2.5119000e+03   2.1823000e-02   5.1461000e-03
   1.9953000e+03   2.1987000e-02   3.4369000e-03
   1.5849000e+03   2.2230000e-02   2.0039000e-03
   1.2589000e+03   2.2559000e-02   8.0007000e-04
   1.0000000e+03   2.2960000e-02  -2.2105000e-04
   7.9433000e+02   2.3403000e-02  -1.0840000e-03
   6.3096000e+02   2.3910000e-02  -1.8295000e-03
   5.0119000e+02   2.4489000e-02  -2.4814000e-03
   3.9811000e+02   2.5098000e-02  -3.0294000e-03
   3.1623000e+02   2.5759000e-02  -3.5060000e-03
   2.5119000e+02   2.6484000e-02  -3.9183000e-03
   1.9953000e+02   2.7257000e-02  -4.2632000e-03
   1.5849000e+02   2.8026000e-02  -4.5479000e-03
   1.2589000e+02   2.8838000e-02  -4.7683000e-03
   1.0000000e+02   2.9665000e-02  -4.9383000e-03
   7.9433000e+01   3.0526000e-02  -5.0609000e-03
   6.3096000e+01   3.1385000e-02  -5.1367000e-03
   5.0119000e+01   3.2289000e-02  -5.1651000e-03
   3.9811000e+01   3.3075000e-02  -5.2328000e-03
   3.1623000e+01   3.3849000e-02  -5.0274000e-03
   2.5119000e+01   3.4839000e-02  -4.9024000e-03
   1.9953000e+01   3.5535000e-02  -4.8304000e-03
   1.5849000e+01   3.6255000e-02  -4.5603000e-03
   1.2589000e+01   3.7116000e-02  -4.2751000e-03
   1.0000000e+01   3.7718000e-02  -3.9502000e-03
   7.9433000e+00   3.8278000e-02  -3.7538000e-03
   6.3096000e+00   3.8741000e-02  -3.2964000e-03
   5.0119000e+00   3.9235000e-02  -3.0719000e-03
   3.9811000e+00   3.9433000e-02  -2.9038000e-03
   3.1623000e+00   3.9831000e-02  -2.7663000e-03
   2.5119000e+00   4.0058000e-02  -2.5233000e-03
   1.9953000e+00   4.0404000e-02  -2.3444000e-03
   1.5849000e+00   4.0909000e-02  -2.1856000e-03
   1.2589000e+00   4.0923000e-02  -2.0555000e-03
   1.0000000e+00   4.1375000e-02  -2.3583000e-03
   7.9433000e-01   4.1778000e-02  -2.2777000e-03
   6.3096000e-01   4.1848000e-02  -2.3691000e-03
   5.0119000e-01   4.2018000e-02  -2.7833000e-03
   3.9811000e-01   4.2415000e-02  -3.0828000e-03
   3.1623000e-01   4.2885000e-02  -3.2222000e-03
   2.5119000e-01   4.3357000e-02  -3.2844000e-03
   1.9953000e-01   4.3743000e-02  -3.3967000e-03
   1.5849000e-01   4.4164000e-02  -3.5099000e-03
   1.2589000e-01   4.4556000e-02  -3.6679000e-03
   1.0000000e-01   4.4901000e-02  -3.9464000e-03
   7.9433000e-02   4.5289000e-02  -4.3167000e-03
   6.3096000e-02   4.5667000e-02  -4.8320000e-03
   5.0119000e-02   4.6132000e-02  -5.4147000e-03
   3.9811000e-02   4.6640000e-02  -6.1252000e-03
   3.1623000e-02   4.7215000e-02  -6.9885000e-03
   2.5119000e-02   4.7887000e-02  -7.9857000e-03
   1.9953000e-02   4.8672000e-02  -9.1707000e-03
   1.5849000e-02   4.9624000e-02  -1.0504000e-02
   1.2589000e-02   5.0781000e-02  -1.2016000e-02
   1.0000000e-02   5.2145000e-02  -1.3643000e-02
