   1.0000000e+04   2.5930000e-02   2.5043000e-02
   7.9433000e+03   2.5020000e-02   2.0071000e-02
   6.3096000e+03   2.4093000e-02   1.5886000e-02
   5.0119000e+03   2.3532000e-02   1.2341000e-02
   3.9811000e+03   2.3211000e-02   9.3244000e-03
   3.1623000e+03   2.3121000e-02   6.7532000e-03
   2.5119000e+03   2.3217000e-02   4.5977000e-03
   1.9953000e+03   2.3437000e-02   2.7813000e-03
   1.5849000e+03   2.3769000e-02   1.2403000e-03
   1.2589000e+03   2.4185000e-02  -8.0254000e-05
   1.0000000e+03   2.4673000e-02  -1.2331000e-03
   7.9433000e+02   2.5244000e-02  -2.2334000e-03
   6.3096000e+02   2.5893000e-02  -3.1327000e-03
   5.0119000e+02   2.6621000e-02  -3.9557000e-03
   3.9811000e+02   2.7412000e-02  -4.7036000e-03
   3.1623000e+02   2.8282000e-02  -5.3996000e-03
   2.5119000e+02   2.9224000e-02  -6.0613000e-03
   1.9953000e+02   3.0216000e-02  -6.6820000e-03
   1.5849000e+02   3.1288000e-02  -7.2924000e-03
   1.2589000e+02   3.2423000e-02  -7.8995000e-03
   1.0000000e+02   3.3659000e-02  -8.4922000e-03
   7.9433000e+01   3.4944000e-02  -9.1294000e-03
   6.3096000e+01   3.6356000e-02  -9.7603000e-03
   5.0119000e+01   3.7853000e-02  -1.0393000e-02
   3.9811000e+01   3.9525000e-02  -1.1071000e-02
   3.1623000e+01   4.0884000e-02  -1.1555000e-02
   2.5119000e+01   4.3038000e-02  -1.2072000e-02
   1.9953000e+01   4.4888000e-02  -1.2757000e-02
   1.5849000e+01   4.6636000e-02  -1.2844000e-02
   1.2589000e+01   4.9035000e-02  -1.3470000e-02
   1.0000000e+01   5.1232000e-02  -1.3823000e-02
   7.9433000e+00   5.3550000e-02  -1.4062000e-02
   6.3096000e+00   5.5921000e-02  -1.4133000e-02
   5.0119000e+00   5.8438000e-02  -1.4026000e-02
   3.9811000e+00   6.0831000e-02  -1.3811000e-02
   3.1623000e+00   6.3247000e-02  -1.3146000e-02
   2.5119000e+00   6.5426000e-02  -1.2437000e-02
   1.9953000e+00   6.7423000e-02  -1.1520000e-02
   1.5849000e+00   6.9325000e-02  -1.0238000e-02
   1.2589000e+00   7.0580000e-02  -9.3329000e-03
   1.0000000e+00   7.2078000e-02  -8.5877000e-03
   7.9433000e-01   7.3165000e-02  -7.5626000e-03
   6.3096000e-01   7.3805000e-02  -6.8323000e-03
   5.0119000e-01   7.4473000e-02  -6.3614000e-03
   3.9811000e-01   7.5150000e-02  -5.9277000e-03
   3.1623000e-01   7.5801000e-02  -5.4506000e-03
   2.5119000e-01   7.6340000e-02  -5.0165000e-03
   1.9953000e-01   7.6796000e-02  -4.6724000e-03
   1.5849000e-01   7.7169000e-02  -4.4412000e-03
   1.2589000e-01   7.7544000e-02  -4.3226000e-03
   1.0000000e-01   7.7876000e-02  -4.3502000e-03
   7.9433000e-02   7.8209000e-02  -4.4998000e-03
   6.3096000e-02   7.8509000e-02  -4.8053000e-03
   5.0119000e-02   7.8865000e-02  -5.2358000e-03
   3.9811000e-02   7.9246000e-02  -5.8289000e-03
   3.1623000e-02   7.9682000e-02  -6.6104000e-03
   2.5119000e-02   8.0222000e-02  -7.5845000e-03
   1.9953000e-02   8.0909000e-02  -8.7736000e-03
   1.5849000e-02   8.1751000e-02  -1.0189000e-02
   1.2589000e-02   8.2872000e-02  -1.1859000e-02
   1.0000000e-02   8.4282000e-02  -1.3779000e-02
