   1.0000000e+04   2.4749000e-02   2.4742000e-02
   7.9433000e+03   2.3788000e-02   1.9974000e-02
   6.3096000e+03   2.2838000e-02   1.5971000e-02
   5.0119000e+03   2.2224000e-02   1.2609000e-02
   3.9811000e+03   2.1848000e-02   9.7864000e-03
   3.1623000e+03   2.1693000e-02   7.4155000e-03
   2.5119000e+03   2.1669000e-02   5.4617000e-03
   1.9953000e+03   2.1768000e-02   3.8588000e-03
   1.5849000e+03   2.1949000e-02   2.5389000e-03
   1.2589000e+03   2.2193000e-02   1.4528000e-03
   1.0000000e+03   2.2495000e-02   5.5851000e-04
   7.9433000e+02   2.2851000e-02  -1.7828000e-04
   6.3096000e+02   2.3239000e-02  -7.8048000e-04
   5.0119000e+02   2.3643000e-02  -1.2698000e-03
   3.9811000e+02   2.4082000e-02  -1.6628000e-03
   3.1623000e+02   2.4547000e-02  -1.9688000e-03
   2.5119000e+02   2.5012000e-02  -2.2104000e-03
   1.9953000e+02   2.5494000e-02  -2.3919000e-03
   1.5849000e+02   2.5981000e-02  -2.5190000e-03
   1.2589000e+02   2.6476000e-02  -2.5969000e-03
   1.0000000e+02   2.6956000e-02  -2.6307000e-03
   7.9433000e+01   2.7456000e-02  -2.6161000e-03
   6.3096000e+01   2.7929000e-02  -2.5676000e-03
   5.0119000e+01   2.8391000e-02  -2.4443000e-03
   3.9811000e+01   2.8793000e-02  -2.3936000e-03
   3.1623000e+01   2.9140000e-02  -2.2116000e-03
   2.5119000e+01   2.9511000e-02  -1.9821000e-03
   1.9953000e+01   2.9770000e-02  -1.8183000e-03
   1.5849000e+01   2.9992000e-02  -1.6323000e-03
   1.2589000e+01   3.0233000e-02  -1.4230000e-03
   1.0000000e+01   3.0385000e-02  -1.2411000e-03
   7.9433000e+00   3.0529000e-02  -1.1394000e-03
   6.3096000e+00   3.0630000e-02  -9.7710000e-04
   5.0119000e+00   3.0742000e-02  -9.0070000e-04
   3.9811000e+00   3.0762000e-02  -8.6710000e-04
   3.1623000e+00   3.0878000e-02  -7.7993000e-04
   2.5119000e+00   3.0934000e-02  -7.2904000e-04
   1.9953000e+00   3.1002000e-02  -6.8300000e-04
   1.5849000e+00   3.1179000e-02  -6.4767000e-04
   1.2589000e+00   3.1161000e-02  -6.1613000e-04
   1.0000000e+00   3.1281000e-02  -7.3607000e-04
   7.9433000e-01   3.1387000e-02  -7.1165000e-04
   6.3096000e-01   3.1384000e-02  -7.6641000e-04
   5.0119000e-01   3.1448000e-02  -9.7467000e-04
   3.9811000e-01   3.1616000e-02  -1.1781000e-03
   3.1623000e-01   3.1832000e-02  -1.3207000e-03
   2.5119000e-01   3.2052000e-02  -1.4286000e-03
   1.9953000e-01   3.2239000e-02  -1.5422000e-03
   1.5849000e-01   3.2437000e-02  -1.6635000e-03
   1.2589000e-01   3.2632000e-02  -1.7979000e-03
   1.0000000e-01   3.2788000e-02  -1.9945000e-03
   7.9433000e-02   3.2975000e-02  -2.2442000e-03
   6.3096000e-02   3.3130000e-02  -2.5730000e-03
   5.0119000e-02   3.3388000e-02  -2.9561000e-03
   3.9811000e-02   3.3658000e-02  -3.4217000e-03
   3.1623000e-02   3.4001000e-02  -3.9815000e-03
   2.5119000e-02   3.4484000e-02  -4.6612000e-03
   1.9953000e-02   3.4962000e-02  -5.4410000e-03
   1.5849000e-02   3.5692000e-02  -6.3358000e-03
   1.2589000e-02   3.6484000e-02  -7.2967000e-03
   1.0000000e-02   3.7477000e-02  -8.3411000e-03
