   1.0000000e+04   2.4184000e-02   2.5210000e-02
   7.9433000e+03   2.3389000e-02   2.0302000e-02
   6.3096000e+03   2.2538000e-02   1.6203000e-02
   5.0119000e+03   2.1991000e-02   1.2785000e-02
   3.9811000e+03   2.1658000e-02   9.9295000e-03
   3.1623000e+03   2.1524000e-02   7.5316000e-03
   2.5119000e+03   2.1508000e-02   5.5603000e-03
   1.9953000e+03   2.1614000e-02   3.9471000e-03
   1.5849000e+03   2.1797000e-02   2.6166000e-03
   1.2589000e+03   2.2053000e-02   1.5222000e-03
   1.0000000e+03   2.2346000e-02   6.1745000e-04
   7.9433000e+02   2.2692000e-02  -1.1717000e-04
   6.3096000e+02   2.3079000e-02  -7.1781000e-04
   5.0119000e+02   2.3491000e-02  -1.2128000e-03
   3.9811000e+02   2.3928000e-02  -1.6066000e-03
   3.1623000e+02   2.4393000e-02  -1.9183000e-03
   2.5119000e+02   2.4867000e-02  -2.1589000e-03
   1.9953000e+02   2.5357000e-02  -2.3381000e-03
   1.5849000e+02   2.5813000e-02  -2.4507000e-03
   1.2589000e+02   2.6315000e-02  -2.5235000e-03
   1.0000000e+02   2.6768000e-02  -2.5441000e-03
   7.9433000e+01   2.7246000e-02  -2.5326000e-03
   6.3096000e+01   2.7680000e-02  -2.4768000e-03
   5.0119000e+01   2.8090000e-02  -2.3858000e-03
   3.9811000e+01   2.8503000e-02  -2.3065000e-03
   3.1623000e+01   2.8850000e-02  -2.1830000e-03
   2.5119000e+01   2.9175000e-02  -1.9723000e-03
   1.9953000e+01   2.9446000e-02  -1.8656000e-03
   1.5849000e+01   2.9690000e-02  -1.7052000e-03
   1.2589000e+01   2.9863000e-02  -1.5188000e-03
   1.0000000e+01   3.0096000e-02  -1.3793000e-03
   7.9433000e+00   3.0249000e-02  -1.3434000e-03
   6.3096000e+00   3.0369000e-02  -1.1688000e-03
   5.0119000e+00   3.0554000e-02  -1.1487000e-03
   3.9811000e+00   3.0544000e-02  -1.1730000e-03
   3.1623000e+00   3.0735000e-02  -1.1543000e-03
   2.5119000e+00   3.0809000e-02  -1.1092000e-03
   1.9953000e+00   3.0980000e-02  -1.0824000e-03
   1.5849000e+00   3.1296000e-02  -1.0497000e-03
   1.2589000e+00   3.1230000e-02  -1.0376000e-03
   1.0000000e+00   3.1526000e-02  -1.3163000e-03
   7.9433000e-01   3.1731000e-02  -1.3121000e-03
   6.3096000e-01   3.1742000e-02  -1.4520000e-03
   5.0119000e-01   3.1864000e-02  -1.8239000e-03
   3.9811000e-01   3.2172000e-02  -2.1088000e-03
   3.1623000e-01   3.2561000e-02  -2.2774000e-03
   2.5119000e-01   3.2927000e-02  -2.3878000e-03
   1.9953000e-01   3.3236000e-02  -2.5050000e-03
   1.5849000e-01   3.3552000e-02  -2.6331000e-03
   1.2589000e-01   3.3854000e-02  -2.7841000e-03
   1.0000000e-01   3.4124000e-02  -3.0317000e-03
   7.9433000e-02   3.4416000e-02  -3.3507000e-03
   6.3096000e-02   3.4703000e-02  -3.7695000e-03
   5.0119000e-02   3.5071000e-02  -4.2648000e-03
   3.9811000e-02   3.5465000e-02  -4.8769000e-03
   3.1623000e-02   3.5932000e-02  -5.6066000e-03
   2.5119000e-02   3.6514000e-02  -6.4649000e-03
   1.9953000e-02   3.7207000e-02  -7.4671000e-03
   1.5849000e-02   3.8055000e-02  -8.5913000e-03
   1.2589000e-02   3.9075000e-02  -9.8456000e-03
   1.0000000e-02   4.0293000e-02  -1.1174000e-02
