   1.0000000e+04   2.4835000e-02   2.3245000e-02
   7.9433000e+03   2.4123000e-02   1.8574000e-02
   6.3096000e+03   2.3336000e-02   1.4649000e-02
   5.0119000e+03   2.2869000e-02   1.1329000e-02
   3.9811000e+03   2.2600000e-02   8.5059000e-03
   3.1623000e+03   2.2586000e-02   6.1005000e-03
   2.5119000e+03   2.2664000e-02   4.0644000e-03
   1.9953000e+03   2.2903000e-02   2.3431000e-03
   1.5849000e+03   2.3239000e-02   8.8026000e-04
   1.2589000e+03   2.3659000e-02  -3.8291000e-04
   1.0000000e+03   2.4168000e-02  -1.4965000e-03
   7.9433000e+02   2.4762000e-02  -2.4765000e-03
   6.3096000e+02   2.5433000e-02  -3.3769000e-03
   5.0119000e+02   2.6168000e-02  -4.1941000e-03
   3.9811000e+02   2.7008000e-02  -4.9605000e-03
   3.1623000e+02   2.7904000e-02  -5.6715000e-03
   2.5119000e+02   2.8880000e-02  -6.3321000e-03
   1.9953000e+02   2.9944000e-02  -6.9579000e-03
   1.5849000e+02   3.1094000e-02  -7.5480000e-03
   1.2589000e+02   3.2342000e-02  -8.1304000e-03
   1.0000000e+02   3.3670000e-02  -8.6868000e-03
   7.9433000e+01   3.5026000e-02  -9.2038000e-03
   6.3096000e+01   3.6521000e-02  -9.7173000e-03
   5.0119000e+01   3.8089000e-02  -1.0191000e-02
   3.9811000e+01   3.9696000e-02  -1.0547000e-02
   3.1623000e+01   4.1212000e-02  -1.1141000e-02
   2.5119000e+01   4.3241000e-02  -1.1273000e-02
   1.9953000e+01   4.4920000e-02  -1.1711000e-02
   1.5849000e+01   4.6653000e-02  -1.1734000e-02
   1.2589000e+01   4.8925000e-02  -1.1729000e-02
   1.0000000e+01   5.0900000e-02  -1.1686000e-02
   7.9433000e+00   5.2978000e-02  -1.1559000e-02
   6.3096000e+00   5.4826000e-02  -1.0991000e-02
   5.0119000e+00   5.6747000e-02  -1.0484000e-02
   3.9811000e+00   5.8125000e-02  -9.9528000e-03
   3.1623000e+00   5.9746000e-02  -9.2825000e-03
   2.5119000e+00   6.0989000e-02  -8.3985000e-03
   1.9953000e+00   6.2157000e-02  -7.5618000e-03
   1.5849000e+00   6.3469000e-02  -6.7277000e-03
   1.2589000e+00   6.3926000e-02  -6.1144000e-03
   1.0000000e+00   6.4935000e-02  -6.0130000e-03
   7.9433000e-01   6.5687000e-02  -5.4036000e-03
   6.3096000e-01   6.5980000e-02  -5.1901000e-03
   5.0119000e-01   6.6443000e-02  -5.3847000e-03
   3.9811000e-01   6.7146000e-02  -5.4960000e-03
   3.1623000e-01   6.7940000e-02  -5.4074000e-03
   2.5119000e-01   6.8655000e-02  -5.2813000e-03
   1.9953000e-01   6.9267000e-02  -5.2370000e-03
   1.5849000e-01   6.9880000e-02  -5.2212000e-03
   1.2589000e-01   7.0452000e-02  -5.2837000e-03
   1.0000000e-01   7.0961000e-02  -5.5393000e-03
   7.9433000e-02   7.1517000e-02  -5.9031000e-03
   6.3096000e-02   7.2032000e-02  -6.4755000e-03
   5.0119000e-02   7.2676000e-02  -7.1329000e-03
   3.9811000e-02   7.3371000e-02  -7.9806000e-03
   3.1623000e-02   7.4125000e-02  -9.0010000e-03
   2.5119000e-02   7.5020000e-02  -1.0234000e-02
   1.9953000e-02   7.6051000e-02  -1.1695000e-02
   1.5849000e-02   7.7313000e-02  -1.3375000e-02
   1.2589000e-02   7.8803000e-02  -1.5314000e-02
   1.0000000e-02   8.0611000e-02  -1.7504000e-02
