   1.0000000e+04   2.4227000e-02   2.6947000e-02
   7.9433000e+03   2.3432000e-02   2.1778000e-02
   6.3096000e+03   2.2554000e-02   1.7505000e-02
   5.0119000e+03   2.1982000e-02   1.3976000e-02
   3.9811000e+03   2.1571000e-02   1.1038000e-02
   3.1623000e+03   2.1376000e-02   8.6163000e-03
   2.5119000e+03   2.1306000e-02   6.6570000e-03
   1.9953000e+03   2.1321000e-02   5.0725000e-03
   1.5849000e+03   2.1399000e-02   3.7884000e-03
   1.2589000e+03   2.1497000e-02   2.7546000e-03
   1.0000000e+03   2.1631000e-02   1.9214000e-03
   7.9433000e+02   2.1795000e-02   1.2598000e-03
   6.3096000e+02   2.1944000e-02   7.2654000e-04
   5.0119000e+02   2.2122000e-02   3.0522000e-04
   3.9811000e+02   2.2309000e-02  -2.4308000e-05
   3.1623000e+02   2.2544000e-02  -2.7115000e-04
   2.5119000e+02   2.2770000e-02  -4.5055000e-04
   1.9953000e+02   2.2943000e-02  -5.6880000e-04
   1.5849000e+02   2.3163000e-02  -6.4103000e-04
   1.2589000e+02   2.3334000e-02  -6.6795000e-04
   1.0000000e+02   2.3485000e-02  -6.6583000e-04
   7.9433000e+01   2.3648000e-02  -6.4480000e-04
   6.3096000e+01   2.3785000e-02  -6.2526000e-04
   5.0119000e+01   2.3828000e-02  -5.7473000e-04
   3.9811000e+01   2.3911000e-02  -5.5647000e-04
   3.1623000e+01   2.3969000e-02  -5.3468000e-04
   2.5119000e+01   2.4059000e-02  -5.1425000e-04
   1.9953000e+01   2.4116000e-02  -4.9999000e-04
   1.5849000e+01   2.4166000e-02  -4.9202000e-04
   1.2589000e+01   2.4232000e-02  -4.8315000e-04
   1.0000000e+01   2.4308000e-02  -4.6175000e-04
   7.9433000e+00   2.4346000e-02  -5.0010000e-04
   6.3096000e+00   2.4387000e-02  -4.6060000e-04
   5.0119000e+00   2.4513000e-02  -4.9796000e-04
   3.9811000e+00   2.4453000e-02  -5.9731000e-04
   3.1623000e+00   2.4567000e-02  -6.1290000e-04
   2.5119000e+00   2.4600000e-02  -6.2355000e-04
   1.9953000e+00   2.4689000e-02  -6.4052000e-04
   1.5849000e+00   2.4959000e-02  -6.3257000e-04
   1.2589000e+00   2.4882000e-02  -6.7591000e-04
   1.0000000e+00   2.5089000e-02  -9.1416000e-04
   7.9433000e-01   2.5235000e-02  -9.2050000e-04
   6.3096000e-01   2.5239000e-02  -1.0543000e-03
   5.0119000e-01   2.5353000e-02  -1.3760000e-03
   3.9811000e-01   2.5632000e-02  -1.6395000e-03
   3.1623000e-01   2.5985000e-02  -1.8004000e-03
   2.5119000e-01   2.6303000e-02  -1.8886000e-03
   1.9953000e-01   2.6575000e-02  -1.9893000e-03
   1.5849000e-01   2.6849000e-02  -2.0717000e-03
   1.2589000e-01   2.7102000e-02  -2.1691000e-03
   1.0000000e-01   2.7327000e-02  -2.3269000e-03
   7.9433000e-02   2.7558000e-02  -2.5407000e-03
   6.3096000e-02   2.7808000e-02  -2.8260000e-03
   5.0119000e-02   2.8110000e-02  -3.1362000e-03
   3.9811000e-02   2.8453000e-02  -3.5236000e-03
   3.1623000e-02   2.8859000e-02  -3.9651000e-03
   2.5119000e-02   2.9358000e-02  -4.4641000e-03
   1.9953000e-02   2.9955000e-02  -5.0260000e-03
   1.5849000e-02   3.0662000e-02  -5.6227000e-03
   1.2589000e-02   3.1483000e-02  -6.2220000e-03
   1.0000000e-02   3.2412000e-02  -6.7881000e-03
