   1.0000000e+04   2.4976000e-02   2.6533000e-02
   7.9433000e+03   2.3921000e-02   2.1545000e-02
   6.3096000e+03   2.2872000e-02   1.7389000e-02
   5.0119000e+03   2.2181000e-02   1.3932000e-02
   3.9811000e+03   2.1701000e-02   1.1033000e-02
   3.1623000e+03   2.1440000e-02   8.6278000e-03
   2.5119000e+03   2.1309000e-02   6.6682000e-03
   1.9953000e+03   2.1283000e-02   5.0823000e-03
   1.5849000e+03   2.1323000e-02   3.8007000e-03
   1.2589000e+03   2.1408000e-02   2.7702000e-03
   1.0000000e+03   2.1535000e-02   1.9322000e-03
   7.9433000e+02   2.1686000e-02   1.2732000e-03
   6.3096000e+02   2.1866000e-02   7.3799000e-04
   5.0119000e+02   2.2052000e-02   3.1430000e-04
   3.9811000e+02   2.2247000e-02  -1.1029000e-05
   3.1623000e+02   2.2454000e-02  -2.6159000e-04
   2.5119000e+02   2.2660000e-02  -4.3524000e-04
   1.9953000e+02   2.2866000e-02  -5.6117000e-04
   1.5849000e+02   2.3054000e-02  -6.2880000e-04
   1.2589000e+02   2.3236000e-02  -6.5716000e-04
   1.0000000e+02   2.3399000e-02  -6.5926000e-04
   7.9433000e+01   2.3535000e-02  -6.4801000e-04
   6.3096000e+01   2.3637000e-02  -6.1764000e-04
   5.0119000e+01   2.3742000e-02  -5.6724000e-04
   3.9811000e+01   2.3840000e-02  -5.4409000e-04
   3.1623000e+01   2.3893000e-02  -5.2908000e-04
   2.5119000e+01   2.3981000e-02  -5.0105000e-04
   1.9953000e+01   2.4013000e-02  -5.0597000e-04
   1.5849000e+01   2.4097000e-02  -4.9484000e-04
   1.2589000e+01   2.4144000e-02  -4.7258000e-04
   1.0000000e+01   2.4215000e-02  -4.5801000e-04
   7.9433000e+00   2.4260000e-02  -5.0796000e-04
   6.3096000e+00   2.4289000e-02  -4.5549000e-04
   5.0119000e+00   2.4412000e-02  -4.9874000e-04
   3.9811000e+00   2.4350000e-02  -5.9251000e-04
   3.1623000e+00   2.4481000e-02  -6.1566000e-04
   2.5119000e+00   2.4506000e-02  -6.2572000e-04
   1.9953000e+00   2.4613000e-02  -6.4021000e-04
   1.5849000e+00   2.4845000e-02  -6.3505000e-04
   1.2589000e+00   2.4780000e-02  -6.7311000e-04
   1.0000000e+00   2.4997000e-02  -9.1934000e-04
   7.9433000e-01   2.5153000e-02  -9.2139000e-04
   6.3096000e-01   2.5152000e-02  -1.0553000e-03
   5.0119000e-01   2.5257000e-02  -1.3765000e-03
   3.9811000e-01   2.5527000e-02  -1.6423000e-03
   3.1623000e-01   2.5870000e-02  -1.8019000e-03
   2.5119000e-01   2.6187000e-02  -1.8944000e-03
   1.9953000e-01   2.6452000e-02  -1.9920000e-03
   1.5849000e-01   2.6730000e-02  -2.0699000e-03
   1.2589000e-01   2.6985000e-02  -2.1655000e-03
   1.0000000e-01   2.7205000e-02  -2.3311000e-03
   7.9433000e-02   2.7442000e-02  -2.5410000e-03
   6.3096000e-02   2.7684000e-02  -2.8260000e-03
   5.0119000e-02   2.7987000e-02  -3.1315000e-03
   3.9811000e-02   2.8325000e-02  -3.5120000e-03
   3.1623000e-02   2.8738000e-02  -3.9466000e-03
   2.5119000e-02   2.9236000e-02  -4.4459000e-03
   1.9953000e-02   2.9814000e-02  -4.9888000e-03
   1.5849000e-02   3.0510000e-02  -5.5628000e-03
   1.2589000e-02   3.1325000e-02  -6.1536000e-03
   1.0000000e-02   3.2234000e-02  -6.7087000e-03
