   1.0000000e+04   2.4561000e-02   2.6987000e-02
   7.9433000e+03   2.3763000e-02   2.1830000e-02
   6.3096000e+03   2.2883000e-02   1.7563000e-02
   5.0119000e+03   2.2304000e-02   1.4040000e-02
   3.9811000e+03   2.1916000e-02   1.1112000e-02
   3.1623000e+03   2.1701000e-02   8.6900000e-03
   2.5119000e+03   2.1605000e-02   6.7234000e-03
   1.9953000e+03   2.1589000e-02   5.1402000e-03
   1.5849000e+03   2.1642000e-02   3.8574000e-03
   1.2589000e+03   2.1729000e-02   2.8291000e-03
   1.0000000e+03   2.1855000e-02   2.0029000e-03
   7.9433000e+02   2.2005000e-02   1.3446000e-03
   6.3096000e+02   2.2166000e-02   8.1361000e-04
   5.0119000e+02   2.2338000e-02   4.0048000e-04
   3.9811000e+02   2.2531000e-02   7.0540000e-05
   3.1623000e+02   2.2726000e-02  -1.6762000e-04
   2.5119000e+02   2.2915000e-02  -3.4845000e-04
   1.9953000e+02   2.3108000e-02  -4.6411000e-04
   1.5849000e+02   2.3278000e-02  -5.3589000e-04
   1.2589000e+02   2.3439000e-02  -5.6640000e-04
   1.0000000e+02   2.3581000e-02  -5.6493000e-04
   7.9433000e+01   2.3721000e-02  -5.5763000e-04
   6.3096000e+01   2.3842000e-02  -5.3493000e-04
   5.0119000e+01   2.3925000e-02  -5.0969000e-04
   3.9811000e+01   2.3984000e-02  -4.7511000e-04
   3.1623000e+01   2.4067000e-02  -4.4615000e-04
   2.5119000e+01   2.4127000e-02  -3.8489000e-04
   1.9953000e+01   2.4182000e-02  -3.7264000e-04
   1.5849000e+01   2.4195000e-02  -3.4954000e-04
   1.2589000e+01   2.4251000e-02  -3.3630000e-04
   1.0000000e+01   2.4289000e-02  -3.2735000e-04
   7.9433000e+00   2.4328000e-02  -3.2333000e-04
   6.3096000e+00   2.4350000e-02  -2.8265000e-04
   5.0119000e+00   2.4411000e-02  -3.1877000e-04
   3.9811000e+00   2.4345000e-02  -3.6927000e-04
   3.1623000e+00   2.4426000e-02  -3.6523000e-04
   2.5119000e+00   2.4433000e-02  -3.7674000e-04
   1.9953000e+00   2.4523000e-02  -3.7161000e-04
   1.5849000e+00   2.4656000e-02  -3.8968000e-04
   1.2589000e+00   2.4602000e-02  -3.7373000e-04
   1.0000000e+00   2.4707000e-02  -5.4917000e-04
   7.9433000e-01   2.4808000e-02  -5.7279000e-04
   6.3096000e-01   2.4806000e-02  -6.6557000e-04
   5.0119000e-01   2.4872000e-02  -8.9835000e-04
   3.9811000e-01   2.5032000e-02  -1.1164000e-03
   3.1623000e-01   2.5273000e-02  -1.2765000e-03
   2.5119000e-01   2.5498000e-02  -1.3926000e-03
   1.9953000e-01   2.5677000e-02  -1.5031000e-03
   1.5849000e-01   2.5883000e-02  -1.6036000e-03
   1.2589000e-01   2.6073000e-02  -1.7274000e-03
   1.0000000e-01   2.6220000e-02  -1.9032000e-03
   7.9433000e-02   2.6407000e-02  -2.1311000e-03
   6.3096000e-02   2.6569000e-02  -2.4272000e-03
   5.0119000e-02   2.6795000e-02  -2.7821000e-03
   3.9811000e-02   2.7072000e-02  -3.2192000e-03
   3.1623000e-02   2.7394000e-02  -3.7238000e-03
   2.5119000e-02   2.7814000e-02  -4.3168000e-03
   1.9953000e-02   2.8309000e-02  -5.0021000e-03
   1.5849000e-02   2.8935000e-02  -5.7694000e-03
   1.2589000e-02   2.9708000e-02  -6.6087000e-03
   1.0000000e-02   3.0613000e-02  -7.4937000e-03
