   1.0000000e+04   2.4717000e-02   2.5156000e-02
   7.9433000e+03   2.4008000e-02   2.0114000e-02
   6.3096000e+03   2.3229000e-02   1.5913000e-02
   5.0119000e+03   2.2745000e-02   1.2364000e-02
   3.9811000e+03   2.2452000e-02   9.3448000e-03
   3.1623000e+03   2.2386000e-02   6.7886000e-03
   2.5119000e+03   2.2497000e-02   4.6427000e-03
   1.9953000e+03   2.2705000e-02   2.8361000e-03
   1.5849000e+03   2.3034000e-02   1.2897000e-03
   1.2589000e+03   2.3441000e-02  -3.2117000e-05
   1.0000000e+03   2.3939000e-02  -1.1814000e-03
   7.9433000e+02   2.4496000e-02  -2.2011000e-03
   6.3096000e+02   2.5144000e-02  -3.1201000e-03
   5.0119000e+02   2.5861000e-02  -3.9470000e-03
   3.9811000e+02   2.6654000e-02  -4.7115000e-03
   3.1623000e+02   2.7537000e-02  -5.4306000e-03
   2.5119000e+02   2.8491000e-02  -6.1014000e-03
   1.9953000e+02   2.9548000e-02  -6.7480000e-03
   1.5849000e+02   3.0644000e-02  -7.3323000e-03
   1.2589000e+02   3.1846000e-02  -7.9069000e-03
   1.0000000e+02   3.3083000e-02  -8.4385000e-03
   7.9433000e+01   3.4421000e-02  -8.9394000e-03
   6.3096000e+01   3.5917000e-02  -9.4464000e-03
   5.0119000e+01   3.7437000e-02  -9.8696000e-03
   3.9811000e+01   3.8959000e-02  -1.0166000e-02
   3.1623000e+01   4.0707000e-02  -1.0500000e-02
   2.5119000e+01   4.2532000e-02  -1.0833000e-02
   1.9953000e+01   4.4282000e-02  -1.1178000e-02
   1.5849000e+01   4.6089000e-02  -1.1185000e-02
   1.2589000e+01   4.8006000e-02  -1.0917000e-02
   1.0000000e+01   4.9808000e-02  -1.0770000e-02
   7.9433000e+00   5.1689000e-02  -1.0584000e-02
   6.3096000e+00   5.3305000e-02  -9.8640000e-03
   5.0119000e+00   5.4982000e-02  -9.2851000e-03
   3.9811000e+00   5.6075000e-02  -8.7901000e-03
   3.1623000e+00   5.7507000e-02  -8.2956000e-03
   2.5119000e+00   5.8468000e-02  -7.5216000e-03
   1.9953000e+00   5.9607000e-02  -6.9513000e-03
   1.5849000e+00   6.0761000e-02  -5.9878000e-03
   1.2589000e+00   6.1001000e-02  -5.3016000e-03
   1.0000000e+00   6.2184000e-02  -5.7620000e-03
   7.9433000e-01   6.3017000e-02  -5.3684000e-03
   6.3096000e-01   6.3272000e-02  -5.2481000e-03
   5.0119000e-01   6.3604000e-02  -5.4627000e-03
   3.9811000e-01   6.4176000e-02  -5.4646000e-03
   3.1623000e-01   6.4881000e-02  -5.3306000e-03
   2.5119000e-01   6.5570000e-02  -5.1914000e-03
   1.9953000e-01   6.6166000e-02  -5.1600000e-03
   1.5849000e-01   6.6794000e-02  -5.1563000e-03
   1.2589000e-01   6.7401000e-02  -5.2325000e-03
   1.0000000e-01   6.7944000e-02  -5.4931000e-03
   7.9433000e-02   6.8524000e-02  -5.8681000e-03
   6.3096000e-02   6.9098000e-02  -6.4349000e-03
   5.0119000e-02   6.9792000e-02  -7.0792000e-03
   3.9811000e-02   7.0485000e-02  -7.8974000e-03
   3.1623000e-02   7.1254000e-02  -8.8900000e-03
   2.5119000e-02   7.2128000e-02  -1.0052000e-02
   1.9953000e-02   7.3102000e-02  -1.1439000e-02
   1.5849000e-02   7.4288000e-02  -1.2955000e-02
   1.2589000e-02   7.5590000e-02  -1.4825000e-02
   1.0000000e-02   7.7155000e-02  -1.6876000e-02
