   1.0000000e+04   2.5042000e-02   2.7507000e-02
   7.9433000e+03   2.4045000e-02   2.2213000e-02
   6.3096000e+03   2.3017000e-02   1.7720000e-02
   5.0119000e+03   2.2358000e-02   1.3944000e-02
   3.9811000e+03   2.1941000e-02   1.0751000e-02
   3.1623000e+03   2.1786000e-02   8.0668000e-03
   2.5119000e+03   2.1781000e-02   5.8357000e-03
   1.9953000e+03   2.1913000e-02   3.9887000e-03
   1.5849000e+03   2.2149000e-02   2.4467000e-03
   1.2589000e+03   2.2468000e-02   1.1576000e-03
   1.0000000e+03   2.2853000e-02   6.2748000e-05
   7.9433000e+02   2.3305000e-02  -8.6158000e-04
   6.3096000e+02   2.3823000e-02  -1.6574000e-03
   5.0119000e+02   2.4386000e-02  -2.3321000e-03
   3.9811000e+02   2.4995000e-02  -2.9142000e-03
   3.1623000e+02   2.5659000e-02  -3.4077000e-03
   2.5119000e+02   2.6381000e-02  -3.8335000e-03
   1.9953000e+02   2.7146000e-02  -4.1932000e-03
   1.5849000e+02   2.7926000e-02  -4.4816000e-03
   1.2589000e+02   2.8730000e-02  -4.7073000e-03
   1.0000000e+02   2.9564000e-02  -4.8691000e-03
   7.9433000e+01   3.0422000e-02  -5.0035000e-03
   6.3096000e+01   3.1282000e-02  -5.0652000e-03
   5.0119000e+01   3.2155000e-02  -5.0932000e-03
   3.9811000e+01   3.2980000e-02  -5.1287000e-03
   3.1623000e+01   3.3729000e-02  -4.9328000e-03
   2.5119000e+01   3.4633000e-02  -4.7960000e-03
   1.9953000e+01   3.5405000e-02  -4.6941000e-03
   1.5849000e+01   3.6082000e-02  -4.4456000e-03
   1.2589000e+01   3.6825000e-02  -4.0938000e-03
   1.0000000e+01   3.7444000e-02  -3.7432000e-03
   7.9433000e+00   3.7945000e-02  -3.5139000e-03
   6.3096000e+00   3.8392000e-02  -3.1241000e-03
   5.0119000e+00   3.8854000e-02  -2.9081000e-03
   3.9811000e+00   3.9008000e-02  -2.7713000e-03
   3.1623000e+00   3.9422000e-02  -2.6266000e-03
   2.5119000e+00   3.9610000e-02  -2.3950000e-03
   1.9953000e+00   3.9956000e-02  -2.2722000e-03
   1.5849000e+00   4.0454000e-02  -2.0705000e-03
   1.2589000e+00   4.0450000e-02  -1.9339000e-03
   1.0000000e+00   4.0935000e-02  -2.2916000e-03
   7.9433000e-01   4.1216000e-02  -2.2279000e-03
   6.3096000e-01   4.1314000e-02  -2.3327000e-03
   5.0119000e-01   4.1503000e-02  -2.7248000e-03
   3.9811000e-01   4.1914000e-02  -3.0117000e-03
   3.1623000e-01   4.2410000e-02  -3.1528000e-03
   2.5119000e-01   4.2886000e-02  -3.2242000e-03
   1.9953000e-01   4.3273000e-02  -3.3386000e-03
   1.5849000e-01   4.3714000e-02  -3.4398000e-03
   1.2589000e-01   4.4127000e-02  -3.6041000e-03
   1.0000000e-01   4.4488000e-02  -3.8851000e-03
   7.9433000e-02   4.4911000e-02  -4.2458000e-03
   6.3096000e-02   4.5297000e-02  -4.7581000e-03
   5.0119000e-02   4.5813000e-02  -5.3354000e-03
   3.9811000e-02   4.6324000e-02  -6.0642000e-03
   3.1623000e-02   4.6946000e-02  -6.9348000e-03
   2.5119000e-02   4.7673000e-02  -7.9549000e-03
   1.9953000e-02   4.8547000e-02  -9.1635000e-03
   1.5849000e-02   4.9562000e-02  -1.0551000e-02
   1.2589000e-02   5.0808000e-02  -1.2141000e-02
   1.0000000e-02   5.2261000e-02  -1.3880000e-02
