   1.0000000e+04   2.4397000e-02   2.8592000e-02
   7.9433000e+03   2.3658000e-02   2.3015000e-02
   6.3096000e+03   2.2788000e-02   1.8326000e-02
   5.0119000e+03   2.2289000e-02   1.4457000e-02
   3.9811000e+03   2.1896000e-02   1.1139000e-02
   3.1623000e+03   2.1763000e-02   8.3767000e-03
   2.5119000e+03   2.1769000e-02   6.0885000e-03
   1.9953000e+03   2.1890000e-02   4.1952000e-03
   1.5849000e+03   2.2142000e-02   2.6249000e-03
   1.2589000e+03   2.2515000e-02   1.3044000e-03
   1.0000000e+03   2.2919000e-02   1.8137000e-04
   7.9433000e+02   2.3368000e-02  -7.5701000e-04
   6.3096000e+02   2.3878000e-02  -1.5731000e-03
   5.0119000e+02   2.4438000e-02  -2.2663000e-03
   3.9811000e+02   2.5044000e-02  -2.8574000e-03
   3.1623000e+02   2.5640000e-02  -3.3551000e-03
   2.5119000e+02   2.6412000e-02  -3.7921000e-03
   1.9953000e+02   2.7198000e-02  -4.1632000e-03
   1.5849000e+02   2.7984000e-02  -4.4579000e-03
   1.2589000e+02   2.8716000e-02  -4.6690000e-03
   1.0000000e+02   2.9532000e-02  -4.8478000e-03
   7.9433000e+01   3.0411000e-02  -4.9804000e-03
   6.3096000e+01   3.1269000e-02  -5.0377000e-03
   5.0119000e+01   3.2102000e-02  -5.0596000e-03
   3.9811000e+01   3.2935000e-02  -5.0914000e-03
   3.1623000e+01   3.3697000e-02  -4.8966000e-03
   2.5119000e+01   3.4596000e-02  -4.7767000e-03
   1.9953000e+01   3.5379000e-02  -4.6629000e-03
   1.5849000e+01   3.6043000e-02  -4.4069000e-03
   1.2589000e+01   3.6759000e-02  -4.0547000e-03
   1.0000000e+01   3.7371000e-02  -3.7173000e-03
   7.9433000e+00   3.7885000e-02  -3.4884000e-03
   6.3096000e+00   3.8318000e-02  -3.0920000e-03
   5.0119000e+00   3.8774000e-02  -2.8756000e-03
   3.9811000e+00   3.8924000e-02  -2.7463000e-03
   3.1623000e+00   3.9357000e-02  -2.6021000e-03
   2.5119000e+00   3.9537000e-02  -2.3824000e-03
   1.9953000e+00   3.9881000e-02  -2.2594000e-03
   1.5849000e+00   4.0387000e-02  -2.0583000e-03
   1.2589000e+00   4.0358000e-02  -1.9185000e-03
   1.0000000e+00   4.0861000e-02  -2.2744000e-03
   7.9433000e-01   4.1138000e-02  -2.2190000e-03
   6.3096000e-01   4.1241000e-02  -2.3258000e-03
   5.0119000e-01   4.1422000e-02  -2.7131000e-03
   3.9811000e-01   4.1822000e-02  -3.0050000e-03
   3.1623000e-01   4.2297000e-02  -3.1480000e-03
   2.5119000e-01   4.2771000e-02  -3.2209000e-03
   1.9953000e-01   4.3158000e-02  -3.3274000e-03
   1.5849000e-01   4.3595000e-02  -3.4320000e-03
   1.2589000e-01   4.4006000e-02  -3.5926000e-03
   1.0000000e-01   4.4383000e-02  -3.8782000e-03
   7.9433000e-02   4.4793000e-02  -4.2491000e-03
   6.3096000e-02   4.5197000e-02  -4.7603000e-03
   5.0119000e-02   4.5702000e-02  -5.3255000e-03
   3.9811000e-02   4.6231000e-02  -6.0570000e-03
   3.1623000e-02   4.6841000e-02  -6.9244000e-03
   2.5119000e-02   4.7579000e-02  -7.9400000e-03
   1.9953000e-02   4.8450000e-02  -9.1499000e-03
   1.5849000e-02   4.9466000e-02  -1.0540000e-02
   1.2589000e-02   5.0708000e-02  -1.2118000e-02
   1.0000000e-02   5.2163000e-02  -1.3857000e-02
