   1.0000000e+04   2.5000000e-02   2.4610000e-02
   7.9433000e+03   2.4306000e-02   1.9680000e-02
   6.3096000e+03   2.3524000e-02   1.5559000e-02
   5.0119000e+03   2.3045000e-02   1.2077000e-02
   3.9811000e+03   2.2779000e-02   9.1249000e-03
   3.1623000e+03   2.2725000e-02   6.6091000e-03
   2.5119000e+03   2.2801000e-02   4.4960000e-03
   1.9953000e+03   2.3058000e-02   2.7137000e-03
   1.5849000e+03   2.3375000e-02   1.2035000e-03
   1.2589000e+03   2.3802000e-02  -1.0185000e-04
   1.0000000e+03   2.4295000e-02  -1.2430000e-03
   7.9433000e+02   2.4866000e-02  -2.2317000e-03
   6.3096000e+02   2.5513000e-02  -3.1305000e-03
   5.0119000e+02   2.6204000e-02  -3.9371000e-03
   3.9811000e+02   2.7010000e-02  -4.6928000e-03
   3.1623000e+02   2.7874000e-02  -5.3880000e-03
   2.5119000e+02   2.8798000e-02  -6.0325000e-03
   1.9953000e+02   2.9805000e-02  -6.6481000e-03
   1.5849000e+02   3.0875000e-02  -7.2304000e-03
   1.2589000e+02   3.2031000e-02  -7.8022000e-03
   1.0000000e+02   3.3264000e-02  -8.3568000e-03
   7.9433000e+01   3.4591000e-02  -8.8994000e-03
   6.3096000e+01   3.6016000e-02  -9.4336000e-03
   5.0119000e+01   3.7555000e-02  -9.9339000e-03
   3.9811000e+01   3.9024000e-02  -1.0605000e-02
   3.1623000e+01   4.0613000e-02  -1.0963000e-02
   2.5119000e+01   4.2668000e-02  -1.1129000e-02
   1.9953000e+01   4.4522000e-02  -1.1520000e-02
   1.5849000e+01   4.6297000e-02  -1.1705000e-02
   1.2589000e+01   4.8407000e-02  -1.1487000e-02
   1.0000000e+01   5.0377000e-02  -1.1312000e-02
   7.9433000e+00   5.2337000e-02  -1.0986000e-02
   6.3096000e+00   5.4150000e-02  -1.0444000e-02
   5.0119000e+00   5.5970000e-02  -9.8991000e-03
   3.9811000e+00   5.7367000e-02  -9.2389000e-03
   3.1623000e+00   5.8828000e-02  -8.4194000e-03
   2.5119000e+00   5.9954000e-02  -7.5762000e-03
   1.9953000e+00   6.1015000e-02  -6.7389000e-03
   1.5849000e+00   6.2041000e-02  -5.9079000e-03
   1.2589000e+00   6.2491000e-02  -5.2398000e-03
   1.0000000e+00   6.3211000e-02  -4.8489000e-03
   7.9433000e-01   6.3747000e-02  -4.2666000e-03
   6.3096000e-01   6.4039000e-02  -3.9317000e-03
   5.0119000e-01   6.4420000e-02  -3.8722000e-03
   3.9811000e-01   6.4898000e-02  -3.8165000e-03
   3.1623000e-01   6.5416000e-02  -3.6984000e-03
   2.5119000e-01   6.5881000e-02  -3.5526000e-03
   1.9953000e-01   6.6252000e-02  -3.4366000e-03
   1.5849000e-01   6.6599000e-02  -3.3952000e-03
   1.2589000e-01   6.6909000e-02  -3.4208000e-03
   1.0000000e-01   6.7192000e-02  -3.5394000e-03
   7.9433000e-02   6.7477000e-02  -3.7726000e-03
   6.3096000e-02   6.7758000e-02  -4.1104000e-03
   5.0119000e-02   6.8079000e-02  -4.5597000e-03
   3.9811000e-02   6.8447000e-02  -5.1391000e-03
   3.1623000e-02   6.8888000e-02  -5.8602000e-03
   2.5119000e-02   6.9423000e-02  -6.7448000e-03
   1.9953000e-02   7.0079000e-02  -7.8203000e-03
   1.5849000e-02   7.0917000e-02  -9.0837000e-03
   1.2589000e-02   7.1974000e-02  -1.0550000e-02
   1.0000000e-02   7.3315000e-02  -1.2210000e-02
